3
19127201
02012001
Le Quang Tan Long
2001 01 02
19CLC5
1
10
11
9
10
2020 04 06 07 30 11 30 1
2020 04 13 07 30 11 30 1
2020 04 20 07 30 11 30 -1
2020 04 27 07 30 11 30 1
2020 05 04 07 30 11 30 -1
2020 05 11 07 30 11 30 -1
2020 05 18 07 30 11 30 1
2020 05 25 07 30 11 30 -1
2020 06 01 07 30 11 30 -1
-
19127146
06122001
Le Nguyen Huy Hoang
2001 12 06
19CLC5
1
8
7
6
7
2020 04 06 07 30 11 30 -1
2020 04 13 07 30 11 30 -1
2020 04 20 07 30 11 30 -1
2020 04 27 07 30 11 30 -1
2020 05 04 07 30 11 30 -1
2020 05 11 07 30 11 30 -1
2020 05 18 07 30 11 30 -1
2020 05 25 07 30 11 30 -1
2020 06 01 07 30 11 30 1
-
19127311
05082001
Tran Thanh Tung
2001 08 05
19CLC5
1
10
8
7
8
2020 04 06 07 30 11 30 1
2020 04 13 07 30 11 30 -1
2020 04 20 07 30 11 30 -1
2020 04 27 07 30 11 30 -1
2020 05 04 07 30 11 30 -1
2020 05 11 07 30 11 30 -1
2020 05 18 07 30 11 30 -1
2020 05 25 07 30 11 30 -1
2020 06 01 07 30 11 30 -1
-