3
19127201
02012001
Le Quang Tan Long
2001 01 02
19CLC5
1
-1
-1
-1
-1
2020 04 11 13 30 17 30 -1
2020 04 18 13 30 17 30 -1
2020 04 25 13 30 17 30 -1
2020 05 02 13 30 17 30 -1
2020 05 09 13 30 17 30 -1
2020 05 16 13 30 17 30 -1
2020 05 23 13 30 17 30 -1
2020 05 30 13 30 17 30 -1
2020 06 06 13 30 17 30 -1
-
19127146
06122001
Le Nguyen Huy Hoang
2001 12 06
19CLC5
1
-1
-1
-1
-1
2020 04 11 13 30 17 30 -1
2020 04 18 13 30 17 30 -1
2020 04 25 13 30 17 30 -1
2020 05 02 13 30 17 30 -1
2020 05 09 13 30 17 30 -1
2020 05 16 13 30 17 30 -1
2020 05 23 13 30 17 30 -1
2020 05 30 13 30 17 30 -1
2020 06 06 13 30 17 30 -1
-
19127551
13092001
Huynh Thu Thao
2001 09 13
19CLC3
0
-1
-1
-1
-1
2020 04 11 13 30 17 30 -1
2020 04 18 13 30 17 30 -1
2020 04 25 13 30 17 30 -1
2020 05 02 13 30 17 30 -1
2020 05 09 13 30 17 30 -1
2020 05 16 13 30 17 30 -1
2020 05 23 13 30 17 30 -1
2020 05 30 13 30 17 30 -1
2020 06 06 13 30 17 30 -1
-
19127311
05082001
Tran Thanh Tung
2001 08 05
19CLC5
1
-1
-1
-1
-1
2020 04 11 13 30 17 30 -1
2020 04 18 13 30 17 30 -1
2020 04 25 13 30 17 30 -1
2020 05 02 13 30 17 30 -1
2020 05 09 13 30 17 30 -1
2020 05 16 13 30 17 30 -1
2020 05 23 13 30 17 30 -1
2020 05 30 13 30 17 30 -1
2020 06 06 13 30 17 30 -1
-
19127111
01012001
Nguyen Vu Minh
2001 01 01
19CLC5
0
-1
-1
-1
-1
2020 04 11 13 30 17 30 -1
2020 04 18 13 30 17 30 -1
2020 04 25 13 30 17 30 -1
2020 05 02 13 30 17 30 -1
2020 05 09 13 30 17 30 -1
2020 05 16 13 30 17 30 -1
2020 05 23 13 30 17 30 -1
2020 05 30 13 30 17 30 -1
2020 06 06 13 30 17 30 -1
-