4
19127001
01012001
Nguyen Van 1
1 1 2001
19apcs1
1
-1
-1
-1
-1
2019 6 4 13 30 17 30 -1
2019 6 11 13 30 17 30 -1
2019 6 18 13 30 17 30 -1
2019 6 25 13 30 17 30 -1
2019 7 2 13 30 17 30 -1
2019 7 9 13 30 17 30 -1
2019 7 16 13 30 17 30 -1
2019 7 23 13 30 17 30 -1
2019 7 30 13 30 17 30 -1
2019 8 6 13 30 17 30 -1
-
19127001
01012001
Nguyen Van 1
1 1 2001
19apcs1
1
-1
-1
-1
-1
2019 6 4 13 30 17 30 -1
2019 6 11 13 30 17 30 -1
2019 6 18 13 30 17 30 -1
2019 6 25 13 30 17 30 -1
2019 7 2 13 30 17 30 -1
2019 7 9 13 30 17 30 -1
2019 7 16 13 30 17 30 -1
2019 7 23 13 30 17 30 -1
2019 7 30 13 30 17 30 -1
2019 8 6 13 30 17 30 -1
-
19127001
01012001
Nguyen Van 1
1 1 2001
19apcs1
1
-1
-1
-1
-1
2019 6 4 13 30 17 30 -1
2019 6 11 13 30 17 30 -1
2019 6 18 13 30 17 30 -1
2019 6 25 13 30 17 30 -1
2019 7 2 13 30 17 30 -1
2019 7 9 13 30 17 30 -1
2019 7 16 13 30 17 30 -1
2019 7 23 13 30 17 30 -1
2019 7 30 13 30 17 30 -1
2019 8 6 13 30 17 30 -1
-
19127001
01012001
Nguyen Van 1
1 1 2001
19apcs1
1
-1
-1
-1
-1
2019 6 4 13 30 17 30 -1
2019 6 11 13 30 17 30 -1
2019 6 18 13 30 17 30 -1
2019 6 25 13 30 17 30 -1
2019 7 2 13 30 17 30 -1
2019 7 9 13 30 17 30 -1
2019 7 16 13 30 17 30 -1
2019 7 23 13 30 17 30 -1
2019 7 30 13 30 17 30 -1
2019 8 6 13 30 17 30 -1
-