4
19127001
01012001
Nguyen Van 1
-842150451 1 1
19apcs1
0
-1
-1
-1
-1
2020 3 1 7 30 11 30 -1
2020 3 8 7 30 11 30 -1
2020 3 15 7 30 11 30 -1
2020 3 22 7 30 11 30 -1
2020 3 29 7 30 11 30 -1
2020 4 5 7 30 11 30 -1
2020 4 12 7 30 11 30 -1
2020 4 19 7 30 11 30 -1
2020 4 26 7 30 11 30 -1
2020 5 3 7 30 11 30 -1
-
19127001
01012001
Nguyen Van 1
-842150451 1 1
19apcs1
1
-1
-1
-1
-1
2020 3 1 7 30 11 30 -1
2020 3 8 7 30 11 30 -1
2020 3 15 7 30 11 30 -1
2020 3 22 7 30 11 30 -1
2020 3 29 7 30 11 30 -1
2020 4 5 7 30 11 30 -1
2020 4 12 7 30 11 30 -1
2020 4 19 7 30 11 30 -1
2020 4 26 7 30 11 30 -1
2020 5 3 7 30 11 30 -1
-
19127001
01012001
Nguyen Van 1
-842150451 1 1
19apcs1
1
-1
-1
-1
-1
2020 3 1 7 30 11 30 -1
2020 3 8 7 30 11 30 -1
2020 3 15 7 30 11 30 -1
2020 3 22 7 30 11 30 -1
2020 3 29 7 30 11 30 -1
2020 4 5 7 30 11 30 -1
2020 4 12 7 30 11 30 -1
2020 4 19 7 30 11 30 -1
2020 4 26 7 30 11 30 -1
2020 5 3 7 30 11 30 -1
-
19127001
01012001
Nguyen Van 1
-842150451 1 1
19apcs1
1
-1
-1
-1
-1
2020 3 1 7 30 11 30 -1
2020 3 8 7 30 11 30 -1
2020 3 15 7 30 11 30 -1
2020 3 22 7 30 11 30 -1
2020 3 29 7 30 11 30 -1
2020 4 5 7 30 11 30 -1
2020 4 12 7 30 11 30 -1
2020 4 19 7 30 11 30 -1
2020 4 26 7 30 11 30 -1
2020 5 3 7 30 11 30 -1
-