4
19127001
01012001
Nguyen Van 1
1 1 2001
19apcs1
1
-1
-1
-1
-1
2019 6 4 7 30 11 30 -1
2019 6 11 7 30 11 30 -1
2019 6 18 7 30 11 30 -1
2019 6 25 7 30 11 30 -1
2019 7 2 7 30 11 30 -1
2019 7 9 7 30 11 30 -1
2019 7 16 7 30 11 30 -1
2019 7 23 7 30 11 30 -1
2019 7 30 7 30 11 30 -1
2019 8 6 7 30 11 30 -1
-
19127001
01012001
Nguyen Van 1
1 1 2001
19apcs1
1
-1
-1
-1
-1
2019 6 4 7 30 11 30 -1
2019 6 11 7 30 11 30 -1
2019 6 18 7 30 11 30 -1
2019 6 25 7 30 11 30 -1
2019 7 2 7 30 11 30 -1
2019 7 9 7 30 11 30 -1
2019 7 16 7 30 11 30 -1
2019 7 23 7 30 11 30 -1
2019 7 30 7 30 11 30 -1
2019 8 6 7 30 11 30 -1
-
19127001
01012001
Nguyen Van 1
1 1 2001
19apcs1
1
-1
-1
-1
-1
2019 6 4 7 30 11 30 -1
2019 6 11 7 30 11 30 -1
2019 6 18 7 30 11 30 -1
2019 6 25 7 30 11 30 -1
2019 7 2 7 30 11 30 -1
2019 7 9 7 30 11 30 -1
2019 7 16 7 30 11 30 -1
2019 7 23 7 30 11 30 -1
2019 7 30 7 30 11 30 -1
2019 8 6 7 30 11 30 -1
-
19127001
01012001
Nguyen Van 1
1 1 2001
19apcs1
1
-1
-1
-1
-1
2019 6 4 7 30 11 30 -1
2019 6 11 7 30 11 30 -1
2019 6 18 7 30 11 30 -1
2019 6 25 7 30 11 30 -1
2019 7 2 7 30 11 30 -1
2019 7 9 7 30 11 30 -1
2019 7 16 7 30 11 30 -1
2019 7 23 7 30 11 30 -1
2019 7 30 7 30 11 30 -1
2019 8 6 7 30 11 30 -1
-