48
19127201
02012001
Le Quang Tan Long
19127201
19CLC5
02 01 2001
1
1
19127146
06122001
Le Nguyen Huy Hoang
19127146
19CLC5
06 12 2001
1
1
19127551
13092001
Huynh Thu Thao
19127551
19CLC3
13 09 2001
0
1
19127311
wibuneverdie
Tran Thanh Tung
19127311
19CLC5
05 08 2001
1
1
19127111
01012001
Nguyen Vu Minh
19127111
19CLC5
01 01 2001
1
0
19127001
01012001
Nguyen Van A
19127001
19CLC3
01 01 2001
1
1
19127002
02012000
Nguyen Van B
19127002
19CLC3
02 01 2000
1
1
19127003
03012001
Nguyen Thi C
19127003
19CLC3
03 01 2001
0
1
19127004
04012001
Nguyen Van D
19127004
19CLC5
04 01 2001
1
1
0


0


-858993460
1
-858993460


-858993460


-858993460
1
-858993460


-858993460


-858993460
1
-858993460


-858993460


-858993460
1
19127005
05012001
Nguyen Van E
19127005
19CLC1
05 01 2001
1
1
19127006
06012001
Nguyen Van F
19127006
19CLC2
06 01 2001
1
1
19127007
07012001
Nguyen Thi G
19127007
19CLC3
07 01 2001
0
1
19127008
08012001
Nguyen Van H
19127008
19CLC4
08 01 2001
1
1
19127009
09012001
Nguyen Van I
19127009
19CLC2
09 01 2001
1
1
19127010
10012001
Nguyen Van J
19127010
19CLC2
10 01 2001
1
1
19127011
11012001
Nguyen Thi K
19127011
19CLC2
11 01 2001
0
1
19127012
12012001
Nguyen Van M
19127012
19CLC2
12 01 2001
1
1
19127013
13012001
Nguyen Van L
19127013
19CLC4
13 01 2001
1
1
19127014
14012001
Nguyen Van M
19127014
19CLC4
14 01 2001
1
1
19127015
15012001
Nguyen Thi N
19127015
19CLC4
15 01 2001
0
1
19127016
16012001
Nguyen Van O
19127016
19CLC4
16 01 2001
1
1
19127017
17012001
Nguyen Van P
19127017
19CLC6
17 01 2001
1
1
19127018
18012001
Nguyen Van Q
19127018
19CLC6
18 01 2001
1
1
19127019
19012001
Nguyen Thi R
19127019
19CLC6
19 01 2001
0
1
19127020
20012001
Nguyen Van S
19127020
19CLC6
20 01 2001
1
1
19127021
21012001
Nguyen Van T
19127021
19CLC7
21 01 2001
1
1
19127022
22012001
Nguyen Van U
19127022
19CLC7
22 01 2001
1
1
19127023
23012001
Nguyen Thi V
19127023
19CLC7
23 01 2001
0
1
19127024
24012001
Nguyen Van W
19127024
19CLC7
24 01 2001
1
1
19127025
25012001
Nguyen Van 1
19127025
19CLC8
25 01 2001
1
1
19127026
26012001
Nguyen Van 2
19127026
19CLC8
26 01 2001
1
1
19127027
27012001
Nguyen Thi 3
19127027
19CLC8
27 01 2001
0
1
19127028
28012001
Nguyen Van 4
19127028
19CLC8
28 01 2001
1
1
19127029
29012001
Nguyen Van 5
19127029
19CLC9
29 01 2001
1
1
19127030
30012001
Nguyen Van 6
19127030
19CLC9
30 01 2001
1
1
19127031
31012001
Nguyen Thi 7
19127031
19CLC9
31 01 2001
0
1
19127032
01022001
Nguyen Van 8
19127032
19CLC9
01 02 2001
1
1
19127033
02022001
Nguyen Van 9
19127033
19CLC10
02 02 2001
1
1
19127034
03022001
Nguyen Van 10
19127034
19CLC10
03 02 2001
1
1
19127035
04022001
Nguyen Thi 11
19127035
19CLC10
04 02 2001
0
1
19127036
05022001
Nguyen Van 12
19127036
19CLC10
05 02 2001
1
1
19125001
01012001
Nguyen Van 13
19125001
19APCS1
01 01 2001
1
1
19125002
02012001
Nguyen Van 14
19125002
19APCS1
02 01 2001
1
1
19125003
03012001
Nguyen Thi 15
19125003
19APCS1
03 01 2001
0
1
19125004
04012001
Nguyen Van 16
19125004
19APCS1
04 01 2001
1
1
