3
19127311
05/09/2001
Tran Thanh Tung
2001 09 05
19CLC2
0
9.75
-1
-1
-1
2020 06 04 07 30 11 30 -1
2020 06 11 07 30 11 30 -1
2020 06 18 07 30 11 30 -1
2020 06 25 07 30 11 30 -1
2020 07 02 07 30 11 30 -1
2020 07 09 07 30 11 30 -1
2020 07 16 07 30 11 30 -1
2020 07 23 07 30 11 30 -1
2020 07 30 07 30 11 30 -1
2020 08 06 07 30 11 30 -1
-
19127999
01/01/2001
Dio Brando
2001 01 01
19CLC5
1
5
10
8
-1
2020 06 04 07 30 11 30 -1
2020 06 11 07 30 11 30 -1
2020 06 18 07 30 11 30 -1
2020 06 25 07 30 11 30 -1
2020 07 02 07 30 11 30 -1
2020 07 09 07 30 11 30 -1
2020 07 16 07 30 11 30 -1
2020 07 23 07 30 11 30 -1
2020 07 30 07 30 11 30 -1
2020 08 06 07 30 11 30 1
-
19127000
06/09/2001
Joseph Joestar
2001 09 06
19CLC5
1
10
9
-1
-1
2020 06 04 07 30 11 30 1
2020 06 11 07 30 11 30 -1
2020 06 18 07 30 11 30 1
2020 06 25 07 30 11 30 -1
2020 07 02 07 30 11 30 1
2020 07 09 07 30 11 30 1
2020 07 16 07 30 11 30 -1
2020 07 23 07 30 11 30 1
2020 07 30 07 30 11 30 -1
2020 08 06 07 30 11 30 -1
-
19127888
31/12/1999
Lisa Joestar
1999 12 31
19CLC5
1
-1
-1
-1
-1
2020 06 04 07 30 11 30 1
2020 06 11 07 30 11 30 1
2020 06 18 07 30 11 30 1
2020 06 25 07 30 11 30 1
2020 07 02 07 30 11 30 1
2020 07 09 07 30 11 30 1
2020 07 16 07 30 11 30 1
2020 07 23 07 30 11 30 1
2020 07 30 07 30 11 30 -1
2020 08 06 07 30 11 30 -1
-