2
19127001
01012001
Nguyen Van A
2001 01 01
19CLC3
1
-1
-1
-1
-1
2020 04 06 07 30 11 30 -1
2020 04 13 07 30 11 30 -1
2020 04 20 07 30 11 30 -1
2020 04 27 07 30 11 30 -1
2020 05 04 07 30 11 30 -1
2020 05 11 07 30 11 30 -1
2020 05 18 07 30 11 30 -1
2020 05 25 07 30 11 30 -1
2020 06 01 07 30 11 30 -1
-
19127002
02012000
Nguyen Van B
2000 01 02
19CLC3
0
-1
-1
-1
-1
2020 04 06 07 30 11 30 -1
2020 04 13 07 30 11 30 -1
2020 04 20 07 30 11 30 -1
2020 04 27 07 30 11 30 -1
2020 05 04 07 30 11 30 -1
2020 05 11 07 30 11 30 -1
2020 05 18 07 30 11 30 -1
2020 05 25 07 30 11 30 -1
2020 06 01 07 30 11 30 -1
-
19127003
03012001
Nguyen Thi C
2001 01 03
19CLC3
1
-1
-1
-1
-1
2020 04 06 07 30 11 30 -1
2020 04 13 07 30 11 30 -1
2020 04 20 07 30 11 30 -1
2020 04 27 07 30 11 30 -1
2020 05 04 07 30 11 30 -1
2020 05 11 07 30 11 30 -1
2020 05 18 07 30 11 30 -1
2020 05 25 07 30 11 30 -1
2020 06 01 07 30 11 30 -1
-
19127004
04012001
Nguyen Van D
2001 01 04
19CLC5
0
-1
-1
-1
-1
2020 04 06 07 30 11 30 -1
2020 04 13 07 30 11 30 -1
2020 04 20 07 30 11 30 -1
2020 04 27 07 30 11 30 -1
2020 05 04 07 30 11 30 -1
2020 05 11 07 30 11 30 -1
2020 05 18 07 30 11 30 -1
2020 05 25 07 30 11 30 -1
2020 06 01 07 30 11 30 -1
-