2
19127001
01012001
Nguyen Van A
2001 01 01
19CLC3
1
-1
-1
-1
-1
2020 04 10 13 30 15 30 -1
2020 04 17 13 30 15 30 -1
2020 04 24 13 30 15 30 -1
2020 05 01 13 30 15 30 -1
2020 05 08 13 30 15 30 -1
2020 05 15 13 30 15 30 -1
2020 05 22 13 30 15 30 -1
2020 05 29 13 30 15 30 -1
2020 06 05 13 30 15 30 -1
-
19127002
02012000
Nguyen Van B
2000 01 02
19CLC3
0
-1
-1
-1
-1
2020 04 10 13 30 15 30 -1
2020 04 17 13 30 15 30 -1
2020 04 24 13 30 15 30 -1
2020 05 01 13 30 15 30 -1
2020 05 08 13 30 15 30 -1
2020 05 15 13 30 15 30 -1
2020 05 22 13 30 15 30 -1
2020 05 29 13 30 15 30 -1
2020 06 05 13 30 15 30 -1
-
19127003
03012001
Nguyen Thi C
2001 01 03
19CLC3
1
-1
-1
-1
-1
2020 04 10 13 30 15 30 -1
2020 04 17 13 30 15 30 -1
2020 04 24 13 30 15 30 -1
2020 05 01 13 30 15 30 -1
2020 05 08 13 30 15 30 -1
2020 05 15 13 30 15 30 -1
2020 05 22 13 30 15 30 -1
2020 05 29 13 30 15 30 -1
2020 06 05 13 30 15 30 -1
-
19127004
04012001
Nguyen Van D
2001 01 04
19CLC5
0
-1
-1
-1
-1
2020 04 10 13 30 15 30 -1
2020 04 17 13 30 15 30 -1
2020 04 24 13 30 15 30 -1
2020 05 01 13 30 15 30 -1
2020 05 08 13 30 15 30 -1
2020 05 15 13 30 15 30 -1
2020 05 22 13 30 15 30 -1
2020 05 29 13 30 15 30 -1
2020 06 05 13 30 15 30 -1
-