4
19127311
wibuneverdie
Tran Thanh Tung
2001 08 05
19CLC05
1
9
8
7
8
2020 04 06 07 30 11 30 1
2020 04 13 07 30 11 30 1
2020 04 20 07 30 11 30 1
2020 04 27 07 30 11 30 1
2020 05 04 07 30 11 30 -1
2020 05 11 07 30 11 30 1
2020 05 18 07 30 11 30 -1
2020 05 25 07 30 11 30 -1
2020 06 01 07 30 11 30 -1
-
19127666
khongdiem
Le Tu
2001 06 13
19CLC05
1
6.5
6
6.8
6.43
2020 04 06 07 30 11 30 1
2020 04 13 07 30 11 30 -1
2020 04 20 07 30 11 30 1
2020 04 27 07 30 11 30 1
2020 05 04 07 30 11 30 -1
2020 05 11 07 30 11 30 -1
2020 05 18 07 30 11 30 -1
2020 05 25 07 30 11 30 -1
2020 06 01 07 30 11 30 -1
-
19127696
zawarudo
Dio Brando
1869 12 31
19CLC05
1
10
10
10
10
2020 04 06 07 30 11 30 1
2020 04 13 07 30 11 30 1
2020 04 20 07 30 11 30 -1
2020 04 27 07 30 11 30 -1
2020 05 04 07 30 11 30 -1
2020 05 11 07 30 11 30 -1
2020 05 18 07 30 11 30 -1
2020 05 25 07 30 11 30 -1
2020 06 01 07 30 11 30 1
-
19127999
9999
Cuu Long
1999 09 09
17CLC05
1
9.2
9.5
9.75
9.5
2020 04 06 07 30 11 30 1
2020 04 13 07 30 11 30 1
2020 04 20 07 30 11 30 -1
2020 04 27 07 30 11 30 1
2020 05 04 07 30 11 30 1
2020 05 11 07 30 11 30 -1
2020 05 18 07 30 11 30 -1
2020 05 25 07 30 11 30 1
2020 06 01 07 30 11 30 -1
-
