5
19127001
01012001
Nguyen Van A
2001 01 01
19CLC3
1
-1
-1
-1
-1
2020 04 07 07 30 11 30 -1
2020 04 14 07 30 11 30 -1
2020 04 21 07 30 11 30 -1
2020 04 28 07 30 11 30 -1
2020 05 05 07 30 11 30 -1
2020 05 12 07 30 11 30 -1
2020 05 19 07 30 11 30 -1
2020 05 26 07 30 11 30 -1
2020 06 02 07 30 11 30 -1
2020 06 09 07 30 11 30 -1
-
19127002
02012000
Nguyen Van B
2000 01 02
19CLC3
1
-1
-1
-1
-1
2020 04 07 07 30 11 30 -1
2020 04 14 07 30 11 30 -1
2020 04 21 07 30 11 30 -1
2020 04 28 07 30 11 30 -1
2020 05 05 07 30 11 30 -1
2020 05 12 07 30 11 30 -1
2020 05 19 07 30 11 30 -1
2020 05 26 07 30 11 30 -1
2020 06 02 07 30 11 30 -1
2020 06 09 07 30 11 30 -1
-
19127003
03012001
Nguyen Thi C
2001 01 03
19CLC3
1
-1
-1
-1
-1
2020 04 07 07 30 11 30 -1
2020 04 14 07 30 11 30 -1
2020 04 21 07 30 11 30 -1
2020 04 28 07 30 11 30 -1
2020 05 05 07 30 11 30 -1
2020 05 12 07 30 11 30 -1
2020 05 19 07 30 11 30 -1
2020 05 26 07 30 11 30 -1
2020 06 02 07 30 11 30 -1
2020 06 09 07 30 11 30 -1
-
19127004
04012001
Nguyen Van D
2001 01 04
19CLC5
1
-1
-1
-1
-1
2020 04 07 07 30 11 30 -1
2020 04 14 07 30 11 30 -1
2020 04 21 07 30 11 30 -1
2020 04 28 07 30 11 30 -1
2020 05 05 07 30 11 30 -1
2020 05 12 07 30 11 30 -1
2020 05 19 07 30 11 30 -1
2020 05 26 07 30 11 30 -1
2020 06 02 07 30 11 30 -1
2020 06 09 07 30 11 30 -1
-
19127551
13092001
Huynh Thu Thao
2001 09 13
19CLC3
0
-1
-1
-1
-1
2020 04 07 07 30 11 30 -1
2020 04 14 07 30 11 30 -1
2020 04 21 07 30 11 30 -1
2020 04 28 07 30 11 30 -1
2020 05 05 07 30 11 30 -1
2020 05 12 07 30 11 30 -1
2020 05 19 07 30 11 30 -1
2020 05 26 07 30 11 30 -1
2020 06 02 07 30 11 30 -1
2020 06 09 07 30 11 30 -1
-
19127146
06122001
Le Nguyen Huy Hoang
2001 12 6
19CLC5
1
-1
-1
-1
-1
2020 4 7 7 30 11 30 -1
2020 4 14 7 30 11 30 -1
2020 4 21 7 30 11 30 -1
2020 4 28 7 30 11 30 -1
2020 5 5 7 30 11 30 -1
2020 5 12 7 30 11 30 -1
2020 5 19 7 30 11 30 -1
2020 5 26 7 30 11 30 -1
2020 6 2 7 30 11 30 -1
2020 6 9 7 30 11 30 -1
-