3
19127201
02012001
Le Quang Tan Long
2001 01 02
19CLC5
1
-1
-1
-1
-1
2020 06 05 19 30 23 30 -1
2020 06 12 19 30 23 30 -1
2020 06 19 19 30 23 30 -1
2020 06 26 19 30 23 30 -1
2020 07 03 19 30 23 30 -1
-
19127146
06122001
Le Nguyen Huy Hoang
2001 12 06
19CLC5
1
-1
-1
-1
-1
2020 06 05 19 30 23 30 -1
2020 06 12 19 30 23 30 -1
2020 06 19 19 30 23 30 -1
2020 06 26 19 30 23 30 -1
2020 07 03 19 30 23 30 -1
-
19127311
wibuneverdie
Tran Thanh Tung
2001 08 05
19CLC5
1
-1
-1
-1
-1
2020 06 05 19 30 23 30 -1
2020 06 12 19 30 23 30 1
2020 06 19 19 30 23 30 -1
2020 06 26 19 30 23 30 -1
2020 07 03 19 30 23 30 -1
-