8
19127005
05012001
Nguyen Thi 1
19127005
19clc5
05 01 2001
0
1
19127006
04032001
Huynh Thi 1
19127006
19apcs1
04 03 2001
0
1
19127007
07012001
Nguyen Thi 3
19127007
19clc5
07 01 2001
0
1
19127555
02032001
Tran Van 1
19127555
19clc5
02 03 2001
0
1
19127001
01012001
Nguyen Van 1
19127001
19apcs1
01 01 2001
1
1
19127002
02012001
Nguyen Van 2
19127002
19apcs1
02 01 2001
1
1
19127003
03012001
Nguyen Van 3
19127003
19apcs1
03 01 2001
1
1
19127004
04012001
Nguyen Van 4
19127004
19apcs1
04 01 2001
1
1
